-4.2233515
-4.42679
-4.4258094
-4.431003
-4.411927
-4.235756
-4.4083443
-4.4374127
-4.4256425
-4.379086
-4.23939
-4.1872525
-4.1831455
-4.1947227
-4.1959953
-4.253215
-4.308783
-4.31131
-4.307476
-4.3181205
-4.2325253
-4.3813715
-4.383117
-4.388429
-4.3854375
-4.2543674
-4.1802554
-4.1695805
-4.1672935
-4.2570424
-4.431758
-4.4540133
-4.488908
-4.521513
-4.24891
-4.235359
-4.240206
-4.23792
-4.2510343
-4.296954
-4.422173
-4.438116
-4.437494
-4.40578
-4.383558
-4.333667
-4.341945
-4.359894
-4.316993
-4.3997087
-4.3275905
-4.3606653
-4.336596
-4.31161
-4.270748
-4.492743
-4.4904475
-4.4937444
-4.488402
-4.3006773
-4.283969
-4.2152753
-4.2074103
-4.218731
-4.279846
-4.2618995
-4.270176
-4.2353163
-4.2236066
-4.277291
-4.3137817
-4.2943125
-4.298247
-4.292898
-4.2431483
-4.212239
-4.2324495
-4.20659
-4.2310014
-4.2771993
-4.2584
-4.268078
-4.2858934
-4.305693
-4.341467
-4.319706
-4.43343
-4.567922
-4.6951103
-4.458349
-4.3222423
-4.3153524
-4.325493
-4.3043394
-4.468833
-4.444924
-4.510706
-4.544268
-4.6228833
-4.5719395
-4.5794086
-4.661276
-4.7103333
-4.6639123
-4.5036783
-4.284591
-4.3079314
-4.323926
-4.314344
-4.4225187
-4.6813397
-4.6984158
-4.5649605
-4.5578237
-4.3945236
-4.5532627
-4.6241045
-4.7437754
-4.81357
-4.5308204
-4.712817
-4.71082
-4.6420617
-4.6175694
-4.550751
-4.4309025
-4.444116
-4.437051
-4.436603
-4.4964023
-4.6096582
-4.61387
-4.6260014
-4.623287
-4.4867663
-4.4246626
-4.4074974
-4.4003854
-4.395131
-4.5070205
-4.3792768
-4.381685
-4.3804884
-4.3794403
-4.547388
-4.658627
-4.6380424
-4.6023393
-4.640702
-4.4684553
-4.6988344
-4.7498093
-4.8547816
-4.919628
-4.508144
-4.370732
-4.388832
-4.391679
-4.4117775
-4.566196
-4.571845
-4.5317197
-4.52692
-4.5370126
-4.5747566
-4.9030175
-4.7837796
-4.8447704
-4.882761
-4.459137
-4.377041
-4.3290257
-4.3582067
-4.392894
-4.453935
-4.4004245
-4.352955
-4.330221
-4.317902
-4.454261
-4.4694614
-4.463818
-4.472233
-4.4915304
-4.4785986
-4.3474746
-4.3752885
-4.4044685
-4.474478
-4.482298
-4.7813296
-4.8854113
-4.8527565
-4.9179797
-4.629056
-4.855149
-4.827024
-4.657222
-4.6138473
-4.6020737
-4.7249303
-4.413483
-4.705101
-4.4327435
-4.616713
-4.604073
-4.5889363
-4.601782
-4.3921866
-4.228026
-4.2302957
-4.230331
-4.261036
-4.3171883
-4.538829
-4.529579
-4.5336366
-4.5484924
-4.446083
-4.5168595
-4.5286016
-4.523059
-4.5919123
-4.424967
-4.5503616
-4.5392914
-4.536151
-4.5452523
-4.436581
-4.363828
-4.3275204
-4.3700304
-4.4479594
-4.440306
-4.433876
-4.4238133
-4.4048333
-4.384702
-4.443514
-4.3680453
-4.4309187
-4.535419
-4.5349526
-4.430433
-4.3169765
-4.289066
-4.3939233
-4.4070106
-4.528438
-4.3365974
-4.347457
-4.388098
-4.437156
-4.490164
-4.4669623
-4.493249
-4.451981
-4.441229
-4.47521
-4.246839
-4.2499595
-4.244973
-4.301961
-4.436952
-4.4214664
-4.415476
-4.41347
-4.3639936
-4.3741293
-4.451199
-4.4777303
-4.4736414
-4.4554996
-4.458234
-4.4793234
-4.491192
-4.407
-4.3804817
-4.5001745
-4.480337
-4.465956
-4.5451736
-4.535503
-4.544606
-4.375719
-4.359868
-4.383116
-4.3587184
-4.594788
-4.456863
-4.3938937
-4.3524914
-4.413728
-4.5764427
-4.34956
-4.3462257
-4.3718915
-4.3818345
-4.5780168
-4.316736
-4.3283267
-4.330399
-4.3614416
-4.4279175
-4.436186
-4.4374447
-4.4088235
-4.381797
-4.443894
-4.309129
-4.3115616
-4.30704
-4.3059964
-4.4498653
-4.2889795
-4.278519
-4.2508826
-4.259942
-4.5203633
-4.3920693
-4.412275
-4.4369583
-4.518821
-4.388412
-4.412647
-4.425114
-4.4323845
-4.425482
-4.3618207
-4.38412
-4.4162846
-4.3964233
-4.4655437
-4.297567
-4.284226
-4.29185
-4.393093
-4.454712
-4.3203044
-4.3181148
-4.3244658
-4.3388495
-4.57756
-4.3068504
-4.253755
-4.2978234
-4.2777443
-4.5565557
-4.3214746
-4.327771
-4.333274
-4.331003
-4.4924674
-4.265634
-4.5276613
-4.53822
-4.5167665
-4.506672
-4.5039186
-4.5426707
-4.3030233
-4.305181
-4.2946377
-4.293082
-4.526235
-4.324541
-4.322308
-4.314312
-4.3087077
-4.5808773
-4.360767
-4.372845
-4.3839054
-4.388497
-4.660964
-4.3631344
-4.381863
-4.365152
-4.3336906
-4.6756487
-4.4590874
-4.450499
-4.4299507
-4.4309134
-4.5746093
-4.3915014
-4.4336023
-4.5087624
-4.4382067
-4.5304446
-4.455231
-4.422465
-4.374
-4.3836493
-4.444574
-4.411026
-4.375985
-4.3266153
-4.334407
-4.4355545
-4.6044683
-4.5920596
-4.4291077
-4.211694
-4.2057924
-4.220629
-4.2270546
-4.450928
-4.2349277
-4.2497497
-4.2638283
-4.3453393
-4.54835
-4.2626176
-4.243763
-4.2703485
-4.2569413
-4.5989933
-4.219245
-4.2174063
-4.2315125
-4.2235665
-4.626204
-4.244001
-4.2559447
-4.2811704
-4.2607512
-4.5984726
-4.4424386
-4.443786
-4.490907
-4.579794
-4.6733017
-4.74655
-4.7662787
-4.779051
-4.611228
-4.648929
-4.3277564
-4.309591
-4.3359575
-4.3541293
-4.61097
-4.6147575
-4.6347294
-4.6620603
-4.6108437
-4.6041527
-4.5737386
-4.517893
-4.488285
-4.4439425
-4.5051856
-4.6734347
-4.6530104
-4.628381
-4.5275717
-4.5437922
-4.6089315
-4.6023602
-4.563984
-4.5013466
-4.505857
-4.6341004
-4.480677
-4.4409676
-4.342737
-4.478175
-4.37333
-4.4235725
-4.4692593
-4.4583187
-4.3040247
-4.2928424
-4.375223
-4.4270267
-4.435462
-4.459446
-4.452939
-4.500289
-4.408929
-4.331395
-4.3270016
-4.3466516
-4.356696
-4.4731584
-4.4654036
-4.435889
-4.3487344
-4.3273525
-4.3265486
-4.320091
-4.479929
-4.367783
-4.3776164
-4.418462
-4.429993
-4.406821
-4.5353303
-4.4879704
-4.5425954
-4.5478897
-4.3986516
-4.513139
-4.5805545
-4.4420567
-4.5713477
-4.43618
-4.6680913
-4.6767197
-4.6378336
-4.6576924
-4.406885
-4.3719177
-4.3578258
-4.365646
-4.3589745
-4.381473
-4.424816
-4.468941
-4.4604325
-4.4604845
-4.476744
-4.4058285
-4.399929
-4.392715
-4.3113604
-4.3852224
-4.2974243
-4.3129096
-4.312199
-4.338392
-4.3678775
-4.4176865
-4.493486
-4.4732137
-4.537685
-4.3501773
-4.3005233
-4.297424
-4.2934146
-4.235888
-4.3708234
-4.266703
-4.244828
-4.2300034
-4.2412844
-4.552675
-4.596642
-4.6049695
-4.5908494
-4.5447216
-4.3710556
-4.5281053
-4.536922
-4.533863
-4.544617
-4.461762
-4.3073096
-4.306909
-4.3021364
-4.276179
-4.4794846
-4.2596183
-4.3407116
-4.501449
-4.359533
-4.3918204
-4.338209
-4.342658
-4.419208
-4.537939
-4.4760227
-4.548973
-4.585266
-4.506137
-4.3970923
-4.388429
-4.4047484
-4.4051456
-4.475887
-4.3972287
-4.345553
-4.366516
-4.3627224
-4.5066805
-4.3299117
-4.3423624
-4.4110074
-4.4706397
-4.607837
-4.6084337
-4.5412316
-4.6063576
-4.5441895
-4.54692
-4.636107
-4.6571245
-4.653424
-4.6349506
-4.633777
-4.2576118
-4.2569227
-4.30523
-4.3133945
-4.294019
-4.302252
-4.2856703
-4.3174624
-4.4105043
-4.462391
-4.501807
-4.5459456
-4.3561606
-4.5023913
-4.512215
-4.490373
-4.4525285
-4.3327265
-4.426925
-4.390883
-4.3747373
-4.401116
-4.330084
-4.3150816
-4.340191
-4.3785458
-4.458049
-4.3739142
-4.4774995
-4.416134
-4.390913
-4.386581
-4.3761683
-4.4328804
-4.4092226
-4.4168015
-4.439185
-4.3442683
-4.2956505
-4.297317
-4.364127
-4.3261423
-4.4206333
-4.484438
-4.473624
-4.4548044
-4.4295654
-4.3844113
-4.3780885
-4.350706
-4.3434596
-4.320216
-4.3431726
-4.491706
-4.5474086
-4.572821
-4.5714684
-4.3108525
-4.556284
-4.519992
-4.5103946
-4.456124
-4.325359
-4.443678
-4.457775
-4.329454
-4.4833946
-4.446001
-4.435821
-4.367771
-4.3148584
-4.551489
-4.5190487
-4.475873
-4.448421
-4.3384705
-4.504786
-4.4909377
-4.4826818
-4.473838
-4.3438
-4.3992386
-4.3868337
-4.3920555
-4.373317
-4.349035
-4.4021583
-4.416121
-4.438958
-4.4239955
-4.338405
-4.4102244
-4.3961754
-4.3411093
-4.3000956
-4.338867
-4.3987503
-4.4008775
-4.4547205
-4.447766
-4.3355374
-4.4083595
-4.413127
-4.4362
-4.42118
-4.329855
-4.474939
-4.4680505
-4.444295
-4.4279747
-4.3198705
-4.408549
-4.418059
-4.3809733
-4.347752
-4.3206496
-4.4155974
-4.392809
-4.40083
-4.423171
-4.3520756
-4.3317
-4.3283033
-4.312637
-4.313984
-4.3221784
-4.389063
-4.3715653
-4.3974867
-4.2817955
-4.37875
-4.40156
-4.397004
-4.423149
-4.4539485
-4.351674
-4.417709
-4.4036646
-4.385726
-4.3869424
-4.353913
-4.341954
-4.353866
-4.386329
-4.434208
-4.374688
-4.5209823
-4.4850287
-4.4372296
-4.4331865
-4.359662
-4.372296
-4.42586
-4.3835406
-4.480396
-4.3505907
-4.364122
-4.366942
-4.4004645
-4.421438
-4.332656
-4.3750086
-4.414862
-4.328278
-4.4677362
-4.412464
-4.4168687
-4.398323
-4.278941
-4.394515
-4.3988023
-4.433644
-4.4496536
-4.353342
-4.4275184
-4.4200096
-4.391311
-4.377987
-4.3488836
-4.339329
-4.3626685
-4.452206
-4.482295
-4.395611
-4.4570823
-4.484417
-4.480343
-4.5927367
-4.4334593
-4.708634
-4.6784997
-4.62494
-4.5614915
-4.4744754
-4.404361
-4.3987994
-4.421153
-4.4044003
-4.4528656
-4.546712
-4.540324
-4.452404
-4.4305816
-4.270733
-4.2110796
-4.219786
-4.2294893
-4.2199855
-4.254209
-4.2564173
-4.271641
-4.267149
-4.2286835
-4.2566442
-4.3349643
-4.3396873
-4.3463607
-4.371922
-4.2644534
-4.3745756
-4.334203
-4.273586
-4.2267613
-4.2631097
-4.249369
-4.2973213
-4.3353257
-4.3381996
-4.274554
-4.427996
-4.4041348
-4.436568
-4.2769866
-4.3100104
-4.3113236
-4.3058743
-4.3142023
-4.26156
-4.291268
-4.2756453
-4.2560472
-4.2388535
-4.287979
-4.373552
-4.372937
-4.290651
-4.1994596
-4.218061
-4.3033323
-4.3124957
-4.298147
-4.336358
-4.4188023
-4.459102
-4.527997
-4.2978983
-4.3152514
-4.241514
-4.2313247
-4.2287197
-4.3199954
-4.24446
-4.2327867
-4.226033
-4.234527
-4.3536153
-4.249874
-4.2450323
-4.3054085
-4.3223357
-4.3446693
-4.2606893
-4.23982
-4.225877
-4.2253337
-4.339811
-4.3682084
-4.3517656
-4.315489
-4.2725253
-4.3350043
-4.3690844
-4.324414
-4.371891
-4.3247633
-4.3646417
-4.363784
-4.318769
-4.2744417
-4.3206835
-4.2804203
-4.2454467
-4.2600317
-4.2882442
-4.3346376
-4.3095655
-4.3258905
-4.325327
-4.324728
-4.3418536
-4.4527135
-4.456226
-4.503228
-4.467022
-4.3768497
-4.3611484
-4.3119025
-4.307736
-4.2856765
-4.3769636
-4.3505692
-4.353677
-4.3445
-4.354437
-4.3679996
-4.368018
-4.4096437
-4.4022403
-4.399565
-4.383666
-4.4326725
-4.49714
-4.5642276
-4.5937457
-4.3724627
-4.210308
-4.2026973
-4.2131476
-4.2129602
-4.315092
-4.2821784
-4.254152
-4.2213936
-4.236265
-4.3001213
-4.4261947
-4.435668
-4.4809456
-4.5425115
-4.263112
-4.21559
-4.188964
-4.2021384
-4.2844887
-4.289188
-4.5344577
-4.5541625
-4.5063853
-4.3838606
-4.2924786
-4.418561
-4.478092
-4.495724
-4.461514
-4.3294992
-4.3220487
-4.332507
-4.650903
-4.5816035
-4.499501
-4.5670023
-4.4507527
-4.5396023
-4.4716454
-4.519611
-4.6437054
-4.3744974
-4.6818113
-4.69043
-4.642584
-4.6083055
-4.3331633
-4.359036
-4.372671
-4.3983607
-4.4178963
-4.2674503
-4.31728
-4.3508253
-4.330451
-4.29689
-4.4158134
-4.372025
-4.3171186
-4.3370643
-4.430499
-4.2833633
-4.378253
-4.4275556
-4.4560375
-4.5527935
-4.380451
-4.2823486
-4.299333
-4.3592463
-4.380095
-4.316049
-4.3149147
-4.318684
-4.3175707
-4.3075423
-4.2913547
-4.3080907
-4.3480067
-4.306427
-4.3783894
-4.393432
-4.3554306
-4.254486
-4.355207
-4.345446
-4.364864
-4.415457
-4.358334
-4.35577
-4.287586
-4.301223
-4.3005733
-4.359415
-4.307615
-4.361506
-4.3843975
-4.3946424
-4.384033
-4.346558
-4.330742
-4.390428
-4.443784
-4.3946753
-4.6086984
-4.657938
-4.787541
-4.690378
-4.4085307
-4.506062
-4.4771743
-4.4037514
-4.3920007
-4.389543
-4.292666
-4.2890363
-4.359912
-4.3177314
-4.3976097
-4.3468833
-4.36914
-4.4715996
-4.441201
-4.409137
-4.4242916
-4.4766417
-4.639419
-4.641165
-4.422857
-4.48753
-4.486416
-4.480719
-4.509374
-4.43931
-4.436215
-4.4395313
-4.4305654
-4.4403915
-4.434166
-4.553145
-4.500505
-4.4543242
-4.4148865
-4.398198
-4.5797844
-4.483785
-4.540047
-4.5819736
-4.411531
-4.3542438
-4.3379173
-4.3220987
-4.305396
-4.3789563
-4.334184
-4.303012
-4.2679935
-4.2805047
-4.358963
-4.349054
-4.419206
-4.375822
-4.373163
-4.345148
-4.3225
-4.3061585
-4.2977962
-4.316907
-4.35946
-4.3189654
-4.316239
-4.306766
-4.310761
-4.335878
-4.3683014
-4.4194136
-4.455331
-4.4752555
-4.3598833
-4.3331017
-4.3384695
-4.3710704
-4.492161
-4.4649873
-4.4223294
-4.3484044
-4.3570967
-4.3173018
-4.3298345
-4.3510647
-4.360519
-4.3835874
-4.326315
-4.3346815
-4.3311357
-4.3557897
-4.3703537
-4.3466034
-4.325022
-4.3294644
-4.3141546
-4.2831526
-4.2711163
-4.2575083
-4.243595
-4.2492795
-4.2827234
-4.2766743
-4.3169813
-4.2545395
-4.291822
-4.3275414
-4.362545
-4.3536606
-4.363074
-4.3335476
-4.328581
-4.3317323
-4.330417
-4.423274
-4.417197
-4.399324
-4.395663
-4.3257685
-4.297856
-4.2872877
-4.2905197
-4.2963953
-4.3187866
-4.3082147
-4.317037
-4.3013225
-4.303363
-4.3233385
-4.284202
-4.286463
-4.2734857
-4.236247
-4.316223
-4.233865
-4.2260137
-4.220573
-4.295674
-4.3050475
-4.325092
-4.2997837
-4.2853327
-4.3002844
-4.3027563
-4.227034
-4.2469954
-4.300649
-4.29533
-4.278607
-4.253398
-4.263301
-4.2785554
-4.3412356
-4.2655077
-4.250275
-4.268099
-4.292466
-4.311684
-4.3036523
-4.2833643
-4.240048
-4.241245
-4.254215
-4.265299
-4.2495303
-4.287797
-4.3002586
-4.2999687
-4.29207
-4.246272
-4.245435
-4.2601247
-4.256874
-4.2707963
-4.2666645
-4.3816285
-4.2725854
-4.314977
-4.399351
-4.509352
-4.415165
-4.4837613
-4.5231886
-4.520373
-4.548343
-4.416807
-4.58588
-4.5903835
-4.6197715
-4.648928
-4.5258217
-4.4886575
-4.4644814
-4.4625425
-4.4423385
-4.4704814
-4.5295973
-4.5067654
-4.467661
-4.458298
-4.465116
-4.3505363
-4.3442774
-4.3125615
-4.319248
-4.6066933
-4.461589
-4.4563518
-4.533749
-4.6082354
-4.555109
-4.571129
-4.537224
-4.6130233
-4.533647
-4.605475
-4.272263
-4.2810073
-4.387646
-4.377096
-4.5625324
-4.313815
-4.283928
-4.4263034
-4.434133
-4.4796944
-4.5073614
-4.46601
-4.42992
-4.472277
-4.619073
-4.6019173
-4.403033
-4.5795507
-4.5694265
-4.6276345
-4.4245706
-4.313173
-4.3054333
-4.3179574
-4.344866
-4.492895
-4.269439
-4.3150263
-4.3102374
-4.277108
-4.5342207
-4.5098324
-4.5398197
-4.554744
-4.647482
-4.597432
-4.3752036
-4.3754764
-4.42975
-4.5166326
-4.500345
-4.5872393
-4.5462976
-4.549032
-4.544159
-4.4893355
-4.657568
-4.6098733
-4.451906
-4.4736304
-4.379303
-4.4228134
-4.4339533
-4.4117436
-4.4627457
-4.4110117
-4.275282
-4.2789226
-4.283089
-4.427111
-4.494204
-4.449193
-4.431692
-4.4469523
-4.3953924
-4.295366
-4.2820125
-4.2949862
-4.290438
-4.445489
-4.314831
-4.305825
-4.3060594
-4.28181
-4.427724
-4.346458
-4.340713
-4.358802
-4.343909
-4.4183283
-4.2967024
-4.302517
-4.310569
-4.335485
-4.480156
-4.276054
-4.2698894
-4.3461185
-4.363694
-4.4625144
-4.3537498
-4.3318963
-4.3396516
-4.336416
-4.422883
-4.241005
-4.2384424
-4.259109
-4.2612696
-4.4452176
-4.2435565
-4.273993
-4.2964325
-4.307341
-4.3557796
-4.3202634
-4.3312526
-4.377391
-4.3599896
-4.345172
-4.265032
-4.275655
-4.2998857
-4.3798637
-4.3175755
-4.2876353
-4.2596226
-4.2562656
-4.244265
-4.328565
-4.271372
-4.237422
-4.2516713
-4.261653
-4.334837
-4.291644
-4.2943454
-4.294993
-4.3090215
-4.341768
-4.344701
-4.3194933
-4.3160057
-4.3296103
-4.367863
-4.2742496
-4.3325458
-4.381699
-4.371658
-4.4006996
-4.3098283
-4.3111453
-4.3032527
-4.312172
-4.392882
-4.3406377
-4.3352327
-4.3376174
-4.344379
-4.3596077
-4.4343867
-4.388553
-4.3283157
-4.34215
-4.3148656
-4.398997
-4.410363
-4.4193306
-4.3988943
-4.316769
-4.373268
-4.2305827
-4.2408023
-4.227843
-4.2327847
-4.39909
-4.283828
-4.283304
-4.2665176
-4.234414
-4.3795633
-4.216179
-4.2300124
-4.2381535
-4.2227435
-4.396555
-4.393558
-4.3560696
-4.3457546
-4.335593
-4.335419
-4.328176
-4.2691655
-4.2539015
-4.2555223
-4.311792
-4.270185
-4.2698708
-4.2358193
-4.2306647
-4.347691
-4.353457
-4.346788
-4.339725
-4.4261827
-4.3629622
-4.314783
-4.329024
-4.3318133
-4.2615933
-4.2827806
-4.28134
-4.2759976
-4.277061
-4.294727
-4.3175125
-4.401347
-4.340098
-4.2647905
-4.478713
-4.311271
-4.280816
-4.3165364
-4.360748
-4.3526998
-4.288823
-4.2703285
-4.2325516
-4.27274
-4.2868047
-4.3149304
-4.267752
-4.28115
-4.3137875
-4.305184
-4.321516
-4.5916176
-4.588832
-4.6167116
-4.5699873
-4.292075
-4.311831
-4.2781878
-4.3306885
-4.258932
-4.2638545
-4.3367767
-4.336938
-4.354024
-4.3870287
-4.2840667
-4.201202
-4.2201643
-4.216082
-4.2112684
-4.3373995
-4.417891
-4.44678
-4.415523
-4.377521
-4.3531847
-4.29213
-4.3124166
-4.3052764
-4.288987
-4.4234705
-4.3138566
-4.315283
-4.3768425
-4.354749
-4.387115
-4.370358
-4.3673334
-4.3326664
-4.336731
-4.322407
-4.452385
-4.42377
-4.412994
-4.416131
-4.434871
-4.4054904
-4.3879757
-4.376072
-4.3757534
-4.3766923
-4.372343
-4.364412
-4.385635
-4.411876
-4.5605936
-4.484786
-4.4674463
-4.4318323
-4.4340696
-4.477842
-4.3711224
-4.332552
-4.3315897
-4.3274884
-4.44525
-4.3724732
-4.3462157
-4.3481565
-4.3717656
-4.423033
-4.2511005
-4.2366242
-4.259387
-4.243417
-4.409091
-4.3294044
-4.314404
-4.288928
-4.3124747
-4.3709183
-4.279806
-4.2542076
-4.219492
-4.2859206
-4.349881
-4.28008
-4.2942405
-4.2913065
-4.287014
-4.391089
-4.3684597
-4.3430033
-4.3096967
-4.353817
-4.3503547
-4.264119
-4.2697077
-4.312283
-4.436464
-4.4223595
-4.398752
-4.250527
-4.2811255
-4.283795
-4.431569
-4.417347
-4.343434
-4.306929
-4.2887874
-4.4288564
-4.374099
-4.400821
-4.374899
-4.4226007
-4.455268
-4.3133993
-4.3326697
-4.350581
-4.360534
-4.4339037
-4.3894205
-4.4186153
-4.329086
-4.3723187
-4.452997
-4.354998
-4.3454876
-4.3491654
-4.3607273
-4.3900723
-4.3122945
-4.3221684
-4.3204503
-4.326279
-4.383811
-4.613407
-4.6556053
-4.727336
-4.6196218
-4.591295
-4.6218014
-4.700554
-4.6325874
-4.4617453
-4.548457
-4.782906
-4.666513
-4.645056
-4.5569677
-4.784044
-4.8858714
-4.559087
-4.638965
-4.7036552
-4.6974382
-4.717442
-4.7604027
-4.5755067
-4.516058
-4.59748
-4.8304825
-4.5792503
-4.7257323
-4.5481615
-4.4688797
-4.6520405
-4.400832
-4.383268
-4.448132
-4.503464
-4.6454263
-4.317736
-4.345551
-4.3948855
-4.364024
-4.6991487
-4.527771
-4.5619144
-4.5394254
-4.463621
-4.554461
-4.4922323
-4.4869323
-4.4885697
-4.495288
-4.590645
-4.3398623
-4.3545985
-4.3950067
-4.3898273
-4.6270347
-4.462471
-4.517803
-4.434936
-4.4346547
-4.5751896
-4.395992
-4.3781986
-4.3488593
-4.3187943
-4.556636
-4.4627347
-4.5027447
-4.5154204
-4.5052667
-4.558938
-4.4841623
-4.5126033
-4.4590936
-4.441007
-4.5003676
-4.454962
-4.3432126
-4.3319516
-4.299947
-4.604775
-4.502409
-4.476782
-4.4385996
-4.4315753
-4.6333156
-4.7565374
-4.76545
-4.559174
-4.739199
-4.5479903
-4.202602
-4.2147527
-4.197612
-4.211997
-4.481108
-4.384837
-4.360229
-4.3450894
-4.349678
-4.578343
-4.3670874
-4.4419365
-4.494376
-4.5563483
-4.5318885
-4.693219
-4.7575517
-4.776018
-4.656796
-4.759359
-4.362315
-4.3962874
-4.4418087
-4.5159397
-4.7759905
-4.383477
-4.392183
-4.3989034
-4.4166074
-4.7988925
-4.339286
-4.3634243
-4.360868
-4.4367914
-4.8016148
-4.3275375
-4.328943
-4.321946
-4.309394
-4.7900143
-4.648735
-4.636522
-4.5600777
-4.650601
-4.6967373
-4.426739
-4.4154434
-4.4800086
-4.543812
-4.6284485
-4.5348253
-4.6869726
-4.6130347
-4.7291617
-4.6163254
-4.520185
-4.5880976
-4.6120844
-4.6701317
-4.7715273
-4.640602
-4.6621923
-4.5645127
-4.611255
-4.6383224
-4.7307796
-4.6764936
-4.6283593
-4.7320914
-4.6869245
-4.494674
-4.481908
-4.4937553
-4.503727
-4.7133155
-4.6751885
-4.6806192
-4.5228305
-4.5094
-4.6408753
-4.479775
-4.4804053
-4.49703
-4.536672
-4.5294986
-4.433174
-4.3934784
-4.3695664
-4.365409
-4.424743
-4.3355274
-4.3527575
-4.5514245
-4.4857516
-4.4473076
-4.4609227
-4.42207
-4.4381795
-4.427329
-4.375113
-4.3550696
-4.367418
-4.320269
-4.250969
-4.4206944
-4.5737414
-4.581864
-4.572449
-4.53941
-4.53923
-4.49889
-4.3810887
-4.3308578
-4.324891
-4.2903833
-4.574411
-4.4338017
-4.383179
-4.4291463
-4.464685
-4.4862657
-4.2472305
-4.258007
-4.2805915
-4.2847114
-4.4037266
-4.4135156
-4.4050817
-4.417422
-4.430281
-4.3554792
-4.434815
-4.389183
-4.527512
-4.490725
-4.354413
-4.463987
-4.471032
-4.4710693
-4.445362
-4.38653
-4.3181076
-4.3443995
-4.366568
-4.30381
-4.496432
-4.523
-4.414356
-4.3703585
-4.3801656
-4.5878534
-4.311637
-4.289572
-4.278005
-4.5883293
-4.6815243
-4.650883
-4.684006
-4.5994654
-4.6331353
-4.61689
-4.6142826
-4.7308655
-4.711035
-4.526325
-4.50781
-4.4810686
-4.503459
-4.4233465
-4.647499
-4.4024563
-4.5564723
-4.628755
-4.9180136
-4.649136
-4.5019794
-4.5332136
-4.481703
-4.5033984
-4.548948
-4.645823
-4.6368227
-4.610293
-4.4472566
-4.585704
-4.390714
-4.473442
-4.658314
-4.5818763
-4.5670247
-4.5341635
-4.5907893
-4.579671
-4.641092
-4.665332
-4.6835833
-4.704213
-4.690135
-4.644118
-4.593842
-4.6679444
-4.615564
-4.5190063
-4.5034823
-4.5260863
-4.444911
-4.4611673
-4.4827957
-4.468374
-4.4403825
-4.508218
-4.5446377
-4.5852823
-4.6223183
-4.424988
-4.5856714
-4.5760055
-4.576561
-4.587777
-4.471691
-4.4825587
-4.6106744
-4.718612
-4.7491536
-4.411858
-4.56595
-4.575903
-4.5809035
-4.5716934
-4.433314
-4.4622655
-4.4070654
-4.457004
-4.5022035
-4.4622297
-4.4339914
-4.6587267
-4.6781435
-4.6178975
-4.4934874
-4.7157264
-4.652445
-4.63405
-4.625742
-4.478448
-4.6212883
-4.6199093
-4.6827164
-4.670707
-4.470438
-4.52891
-4.5450945
-4.576387
-4.5887437
-4.440214
-4.4028826
-4.412885
-4.443933
-4.4942
-4.4864244
-4.630315
-4.6425767
-4.6991887
-4.7492676
-4.4545474
-4.426037
-4.409505
-4.4043655
-4.4447336
-4.443423
-4.44672
-4.438359
-4.4454823
-4.7772794
-4.7907505
-4.77774
-4.7656374
-4.4211493
-4.3981133
-4.3605475
-4.419795
-4.4311376
-4.438522
-4.4258485
-4.4284477
-4.444014
-4.4372053
-4.4380317
-4.421978
-4.458044
-4.616758
-4.55441
-4.488356
-4.4984612
-4.4478693
-4.394516
-4.3800178
-4.3657427
-4.379981
-4.4142847
-4.7486534
-4.6984134
-4.8049927
-4.8813744
-4.3935833
-4.7043843
-4.69283
-4.501282
-4.574849
-4.3915453
-4.8156385
-4.365055
-4.513824
-4.5338774
-4.5555916
-4.5648746
-4.419747
-4.5910444
-4.5504184
-4.5575566
-4.5377526
-4.4355383
-4.7496324
-4.831493
-4.7136707
-4.6314316
-4.2784514
-4.4237485
-4.4227705
-4.416182
-4.41856
-4.3576064
-4.626685
-4.6482954
-4.6297226
-4.5890923
-4.366184
-4.446742
-4.438327
-4.4354587
-4.3793697
-4.367406
-4.590986
-4.5744877
-4.576536
-4.548928
-4.3643155
-4.5510645
-4.6020017
-4.59105
-4.639615
-4.4135766
-4.403633
-4.3759027
-4.3598576
-4.353119
-4.3692155
-4.4839506
-4.5084343
-4.502803
-4.5145645
-4.427181
-4.5584126
-4.4815106
-4.4569354
-4.4498134
-4.368259
-4.3863463
-4.389008
-4.3902097
-4.409266
-4.338853
-4.4065967
-4.354316
-4.3221626
-4.4375734
-4.379902
-4.245319
-4.2405868
-4.2427773
-4.2347965
-4.319371
-4.527509
-4.51003
-4.4789004
-4.4916773
-4.3238897
-4.4522095
-4.510389
-4.5342894
-4.567192
-4.332414
-4.62903
-4.6479354
-4.6406074
-4.669916
-4.297547
-4.5224767
-4.548541
-4.5730605
-4.570176
-4.329551
-4.558884
-4.557098
-4.573938
-4.587881
-4.3308268
-4.328732
-4.3346806
-4.350625
-4.3556786
-4.3310237
-4.360176
-4.324708
-4.3126197
-4.302075
-4.362684
-4.470251
-4.4075904
-4.36666
-4.386944
-4.4033813
-4.395321
-4.340986
-4.336261
-4.4672294
-4.475385
-4.4528813
-4.4453354
-4.3196683
-4.2201605
-4.251097
-4.3430924
-4.381073
-4.3232203
-4.5116796
-4.5527563
-4.5738153
-4.5225463
-4.31035
-4.3930974
-4.4199376
-4.430302
-4.457513
-4.3164306
-4.3817787
-4.376017
-4.2991414
-4.230522
-4.3147707
-4.432467
-4.4380426
-4.4653225
-4.3779907
-4.325852
-4.4835124
-4.4550347
-4.4406304
-4.330992
-4.347159
-4.5206547
-4.511933
-4.4917536
-4.488964
-4.356733
-4.3592887
-4.374288
-4.3479834
-4.3444424
-4.3910446
-4.4033656
-4.4236016
-4.342902
-4.330123
-4.346431
-4.336064
-4.380803
-4.3320246
-4.4693365
-4.46591
-4.4624696
-4.473855
-4.344986
-4.431282
-4.449971
-4.4426885
-4.465298
-4.3326354
-4.387921
-4.3646693
-4.3750744
-4.345989
-4.316593
-4.4084024
-4.378821
-4.373795
-4.360453
-4.3751383
-4.4742537
-4.388255
-4.5481815
-4.5308895
-4.5437493
-4.538889
-4.398243
-4.539671
-4.5535517
-4.540354
-4.508282
-4.3652797
-4.337911
-4.326682
-4.4251785
-4.320048
-4.3619065
-4.403359
-4.4689064
-4.4284177
-4.2718377
-4.3035355
-4.318007
-4.330311
-4.4199214
-4.4607882
-4.447973
-4.440863
-4.4345636
-4.448415
-4.4007773
-4.3780117
-4.343726
-4.314105
-4.421854
-4.3871202
-4.3780065
-4.3856077
-4.357762
-4.3989987
-4.470712
-4.4568415
-4.4547095
-4.471495
-4.4201207
-4.281051
-4.283296
-4.3259826
-4.3754315
-4.3998237
-4.4691978
-4.454442
-4.4439487
-4.382882
-4.37994
-4.3498716
-4.3621087
-4.3867936
-4.410855
-4.4299927
-4.3154373
-4.3261285
-4.350596
-4.3734784
-4.368368
-4.3166103
-4.3251104
-4.3423386
-4.3937106
-4.3765144
-4.3561935
-4.400802
-4.3761234
-4.365799
-4.345894
-4.369843
-4.3557153
-4.340892
-4.3184767
-4.3514633
-4.3474355
-4.3278756
-4.2785196
-4.320677
-4.263991
-4.3282533
-4.321527
-4.3655543
-4.3597574
-4.318957
-4.3287416
-4.378579
-4.3075137
-4.31023
-4.2892723
-4.2945075
-4.2804165
-4.3126564
-4.3211403
-4.2909317
-4.296139
-4.3577986
-4.3431125
-4.271475
-4.5231442
-4.5362725
-4.271449
-4.317511
-4.293565
-4.2608724
-4.248993
-4.294574
-4.2663317
-4.26482
-4.3143744
-4.366054
-4.2697496
-4.291763
-4.3724327
-4.2654147
-4.3224707
-4.2659435
-4.596306
-4.5832047
-4.5477886
-4.519292
-4.297457
-4.274877
-4.3771806
-4.2680745
-4.3245153
-4.308271
-4.2704744
-4.2798743
-4.268544
-4.491524
-4.5317764
-4.4926486
-4.426438
-4.316919
-4.2575397
-4.2663417
-4.3291807
-4.3259487
-4.3836412
-4.3322024
-4.3418565
-4.4181933
-4.4476814
-4.405506
-4.4299374
-4.4402514
-4.472437
-4.4941807
-4.4129777
-4.366516
-4.4505267
-4.5237827
-4.5640397
-4.3759985
-4.3788996
-4.3909087
-4.3962545
-4.445008
-4.3956714
-4.497211
-4.4000545
-4.459105
-4.5172095
-4.5161138
-4.4619575
-4.344007
-4.27086
-4.275663
-4.3067284
-4.3613186
-4.3109493
-4.306278
-4.425632
-4.300934
-4.382251
-4.3681135
-4.3599024
-4.3913918
-4.299072
-4.37958
-4.359958
-4.353755
-4.336357
-4.2803197
-4.3562765
-4.324534
-4.3009133
-4.3544416
-4.274435
-4.3522105
-4.3412843
-4.363
-4.3736897
-4.284575
-4.3989477
-4.339589
-4.3020787
-4.2983484
-4.4068875
-4.461361
-4.4577975
-4.4618216
-4.4476666
-4.420337
-4.5000806
-4.507877
-4.5307417
-4.524677
-4.466701
-4.4627695
-4.3599334
-4.3654656
-4.376704
-4.375394
-4.4837766
-4.454421
-4.495305
-4.540019
-4.5367193
-4.4151115
-4.31754
-4.3309984
-4.4015775
-4.439845
-4.497624
-4.4418116
-4.463016
-4.597192
-4.6128297
-4.391837
-4.634914
-4.676792
-4.646069
-4.490744
-4.4538355
-4.437008
-4.431012
-4.425636
-4.481026
-4.5023465
-4.420919
-4.458114
-4.443764
-4.4402533
-4.5551634
-4.4075904
-4.3976264
-4.3743653
-4.3806543
-4.524396
-4.457621
-4.3818617
-4.257039
-4.334698
-4.4544535
-4.3615294
-4.2698283
-4.301375
-4.2802076
-4.3608136
-4.22939
-4.25074
-4.2707686
-4.361413
-4.386448
-4.3358865
-4.371237
-4.372549
-4.350806
-4.478206
-4.535731
-4.5000496
-4.493381
-4.5754085
-4.536113
-4.238369
-4.273806
-4.314342
-4.325921
-4.5768914
-4.3313165
-4.313574
-4.359535
-4.61265
-4.579859
-4.663643
-4.62411
-4.5850058
-4.5445576
-4.5738697
-4.2559447
-4.193262
-4.1975417
-4.2085505
-4.582928
-4.2218595
-4.2296696
-4.2344537
-4.2215595
-4.552085
-4.6044517
-4.6148453
-4.598504
-4.519406
-4.1536436
-4.138057
-4.131937
-4.262421
-4.524967
-4.3449206
-4.2281146
-4.2926216
-4.327142
-4.4723625
-4.3447466
-4.3316545
-4.303737
-4.3183255
-4.3867917
-4.307182
-4.3147078
-4.245035
-4.2326226
-4.386013
-4.2871
-4.27782
-4.344369
-4.3179593
-4.3567796
-4.5357137
-4.5914373
-4.349109
-4.3572464
-4.3345566
-4.3195076
-4.3181677
-4.339656
-4.232146
-4.348983
-4.4341307
-4.4974947
-4.415664
-4.45158
-4.4422092
-4.366208
-4.3522
-4.342586
-4.420004
-4.4067545
-4.403917
-4.4308047
-4.345235
-4.4784913
-4.49859
-4.609791
-4.8033934
-4.3745866
-4.787074
-4.775322
-4.656985
-4.7448463
-4.443369
-4.7218614
-4.741723
-4.691905
-4.6852612
-4.497392
-4.800921
-4.7691145
-4.7446575
-4.676705
-4.429342
-4.7009625
-4.7484474
-4.8003955
-4.8895917
-4.425004
-4.527397
-4.5551705
-4.5986233
-4.6222725
-4.505086
-4.693158
-4.667668
-4.6873617
-4.6234555
-4.411878
-4.695366
-4.688122
-4.610525
-4.4428463
-4.488712
-4.5083985
-4.50329
-4.5481534
-4.469911
-4.5649643
-4.566607
-4.523846
-4.530394
-4.511241
-4.5127945
-4.5419784
-4.435733
-4.385049
-4.303684
-4.251897
-4.244564
-4.3415046
-4.276188
-4.257
-4.283749
-4.2531853
-4.2081366
-4.189836
-4.2799883
-4.323711
-4.31321
-4.312126
-4.324725
-4.3308372
-4.4215517
-4.422808
-4.397132
-4.3876767
-4.3842483
-4.2159214
-4.208133
-4.2206497
-4.4067616
-4.414691
-4.6814733
-4.764293
-4.7988925
-4.2928734
-4.4848633
-4.3716884
-4.3417645
-4.353596
-4.3649197
-4.6917996
-4.709157
-4.8072634
-4.840969
-4.3641844
-4.237199
-4.235357
-4.221164
-4.3879514
-4.350377
-4.3605127
-4.3649197
-4.387443
-4.3813586
-4.451391
-4.425957
-4.5214562
-4.486108
-4.4101076
-4.4563055
-4.544294
-4.507339
-4.5836167
-4.38275
-4.386983
-4.4099483
-4.42521
-4.4594
-4.334391
-4.3080544
-4.3049707
-4.328629
-4.3364644
-4.418255
-4.256191
-4.23623
-4.222481
-4.414005
-4.468362
-4.423531
-4.390781
-4.3593106
-4.3600245
-4.366614
-4.3695774
-4.3978133
-4.410537
-4.32526
-4.4256573
-4.415775
-4.440918
-4.4627485
-4.346808
-4.4178596
-4.405902
-4.3823714
-4.361292
-4.4166846
-4.353612
-4.3584647
-4.3003006
-4.2977204
-4.4496617
-4.447038
-4.510858
-4.56879
-4.5847535
-4.4241276
-4.2903457
-4.378093
-4.359654
-4.335699
-4.4287906
-4.452594
-4.450011
-4.4491386
-4.419533
-4.401029
-4.311843
-4.3125877
-4.325869
-4.3431745
-4.424198
-4.3883185
-4.3384814
-4.387889
-4.4279637
-4.480773
-4.521193
-4.495434
-4.473377
-4.458803
-4.500145
-4.438824
-4.377728
-4.3440647
-4.2885623
-4.3982835
-4.2670326
-4.2984705
-4.3375087
-4.3896294
-4.4008083
-4.3236046
-4.352788
-4.3834934
-4.3743587
-4.402927
-4.586353
-4.6458035
-4.5740714
-4.5578423
-4.4098506
-4.355997
-4.3590827
-4.3571763
-4.3231683
-4.384977
-4.3347144
-4.334196
-4.359275
-4.3413386
-4.3892164
-4.4996495
-4.513617
-4.5093827
-4.5197954
-4.4221497
-4.417547
-4.3839536
-4.3942056
-4.316327
-4.3183575
-4.4220734
-4.3887796
-4.3774133
-4.388149
-4.3120036
-4.5262804
-4.576053
-4.457527
-4.409529
-4.309666
-4.3693333
-4.51034
-4.550043
-4.6653385
-4.396904
-4.714707
-4.710636
-4.406696
-4.459132
-4.461339
-4.46986
-4.502394
-4.3819423
-4.6064363
-4.574337
-4.5515456
-4.487972
-4.3673725
-4.3027654
-4.2875543
-4.2715397
-4.263082
-4.3567023
-4.4824305
-4.472663
-4.357066
-4.34411
-4.3391595
-4.2810807
-4.451498
-4.475309
-4.504348
-4.5156636
-4.2670608
-4.2708282
-4.238461
-4.3323693
-4.5132813
-4.2707214
-4.3309054
-4.2865343
-4.2822633
-4.310406
-4.2649713
-4.30852
-4.3089013
-4.3526573
-4.354251
-4.2634807
-4.2955136
-4.2659183
-4.261147
-4.2716107
-4.267059
-4.320062
-4.2266994
-4.274788
-4.2552137
-4.265944
-4.4001174
-4.399998
-4.4116926
-4.396271
-4.2680683
-4.225211
-4.2392
-4.238577
-4.254626
-4.2744136
-4.288353
-4.243106
-4.2432275
-4.241721
-4.2656555
-4.4049478
-4.3771615
-4.35562
-4.3221455
-4.2911158
-4.334044
-4.343317
-4.366603
-4.3542047
-4.2733884
-4.290062
-4.2672763
-4.230383
-4.2442036
-4.276347
-4.362337
-4.257739
-4.36403
-4.3954554
-4.3468885
-4.3117223
-4.2700067
-4.2238717
-4.33145
-4.4509664
-4.47153
-4.266428
-4.2541704
-4.2733555
-4.308242
-4.375169
-4.3025045
-4.3152533
-4.3194323
-4.3632717
-4.337762
-4.255742
-4.331172
-4.326512
-4.2595615
-4.2729707
-4.3030505
-4.2633247
-4.387691
-4.367285
-4.313181
-4.36688
-4.2634015
-4.3721733
-4.408046
-4.2569203
-4.4109697
-4.352161
-4.383445
-4.4873943
-4.27738
-4.3616524
-4.3651156
-4.368744
-4.3475056
-4.297929
-4.4943986
-4.4683366
-4.456614
-4.454341
-4.284398
-4.3882065
-4.3744235
-4.3348055
-4.279146
-4.258292
-4.3193254
-4.2754955
-4.325065
-4.315507
-4.313124
-4.309069
-4.2825747
-4.403565
-4.391902
-4.4137874
-4.428343
-4.347164
-4.4431267
-4.3644795
-4.3848605
-4.402783
-4.3327312
-4.439724
-4.331571
-4.4084764
-4.4223742
-4.4075403
-4.3947816
-4.3438363
-4.3270006
-4.265247
-4.1945653
-4.2347894
-4.2840843
-4.296534
-4.290629
-4.279142
-4.2449756
-4.3208165
-4.342141
-4.3901143
-4.403379
-4.3951697
-4.338555
-4.349453
-4.3001823
-4.352292
-4.312675
-4.296917
-4.2252765
-4.241634
-4.272001
-4.264262
-4.311509
-4.38954
-4.4497576
-4.383821
-4.281553
-4.354357
-4.236424
-4.2888474
-4.2894273
-4.283823
-4.2653933
-4.281514
-4.2748976
-4.235309
-4.2621493
-4.262905
-4.223326
-4.231771
-4.2445817
-4.285636
-4.353977
-4.3277407
-4.263313
-4.2547565
-4.255087
-4.3626003
-4.392516
-4.352818
-4.3386073
-4.346594
-4.3318
-4.1927853
-4.1973634
-4.206907
-4.2173057
-4.339521
-4.5927324
-4.9451795
-4.977967
-4.9627795
-5.016719
-4.5791183
-4.3154573
-4.2977176
-4.300704
-4.446704
-4.5883884
-4.4500666
-4.4476547
-4.391335
-4.3446283
-4.585889
-4.3979206
-4.3420873
-4.33783
-4.34578
-4.545054
-4.487802
-4.528317
-4.514404
-4.4985657
-4.562415
-4.3192196
-4.3042436
-4.325488
-4.370617
-4.4694057
-4.573017
-4.549695
-4.5456657
-4.537474
-4.382752
-4.441072
-4.408745
-4.557167
-4.5931606
-4.3925886
-4.144446
-4.151147
-4.130416
-4.1349454
-4.4668164
-4.381359
-4.348352
-4.408574
-4.49509
-4.162295
-4.1565514
-4.151284
-4.1893907
-4.2813406
-4.1722703
-4.1507273
-4.151022
-4.1456456
-4.4382896
-4.172483
-4.194733
-4.231406
-4.226419
-4.337908
-4.3491707
-4.370072
-4.229402
-4.198185
-4.316272
-4.206151
-4.225891
-4.1951647
-4.1548386
-4.2919044
-4.404584
-4.3575897
-4.342225
-4.356398
-4.3837175
-4.484619
-4.469225
-4.477155
-4.5122714
-4.327822
-4.26112
-4.231436
-4.2226133
-4.2437067
-4.3312373
-4.4033117
-4.3898196
-4.398541
-4.3988633
-4.3262143
-4.2404885
-4.2382135
-4.3133893
-4.3121314
-4.1801805
-4.19427
-4.202985
-4.195617
-4.287037
-4.4850826
-4.44233
-4.406681
-4.4067683
-4.3131194
-4.3762913
-4.432448
-4.4739394
-4.561024
-4.306655
-4.197397
-4.1861653
-4.1935167
-4.2074275
-4.3152246
-4.349572
-4.3406963
-4.3461223
-4.3322124
-4.3038673
-4.1656537
-4.157902
-4.1643662
-4.17029
-4.3339915
-4.377958
-4.418295
-4.3932123
-4.3822594
-4.352576
-4.345214
-4.330788
-4.3306613
-4.298965
-4.3353987
-4.261521
-4.239301
-4.2326612
-4.239292
-4.378294
-4.3562517
-4.355178
-4.364633
-4.3625503
-4.355152
-4.303445
-4.240084
-4.21841
-4.2141504
-4.391746
-4.233173
-4.2207556
-4.2095
-4.395832
-4.3081384
-4.2762537
-4.234526
-4.216713
-4.17038
-4.354504
-4.4513516
-4.463749
-4.441281
-4.41535
-4.388143
-4.4158263
-4.3771124
-4.332448
-4.323773
-4.338985
-4.3075447
-4.3444195
-4.330703
-4.38837
-4.3405623
-4.17153
-4.163475
-4.1733217
-4.193078
-4.3225093
-4.4424057
-4.415525
-4.343494
-4.2656693
-4.3360176
-4.338351
-4.3376865
-4.3683515
-4.4118
-4.419529
-4.4072566
-4.350376
-4.303279
-4.3100467
-4.307103
-4.3370805
-4.3215437
-4.492163
-4.4828167
-4.484815
-4.383829
-4.4107265
-4.492106
-4.5300765
-4.4502068
-4.4212728
-4.4670568
-4.4162374
-4.4552937
-4.5329037
-4.571377
-4.5667605
-4.5182495
-4.4683404
-4.4630594
-4.4126225
-4.331075
-4.277289
-4.4059815
-4.3685365
-4.445089
-4.472584
-4.432172
-4.4204054
-4.3953724
-4.372108
-4.4423513
-4.467839
-4.4289646
-4.3641706
-4.3405066
-4.348734
-4.3801556
-4.41579
-4.381261
-4.4747825
-4.4734354
-4.450097
-4.4699583
-4.352851
-4.354417
-4.3529763
-4.341511
-4.3758225
-4.332897
-4.377993
-4.384164
-4.3634667
-4.3812194
-4.338213
-4.289078
-4.2730546
-4.2779474
-4.2801714
-4.334153
-4.4294467
-4.4401064
-4.445538
-4.471201
-4.326187
-4.503174
-4.51005
-4.5432653
-4.5995064
-4.339811
-4.4051776
-4.4055977
-4.415124
-4.4350967
-4.330698
-4.555694
-4.5851192
-4.630115
-4.3321395
-4.2836523
-4.2935357
-4.2857175
-4.266434
-4.261354
-4.3479953
-4.322546
-4.320021
-4.300028
-4.239711
-4.3013206
-4.2967405
-4.299209
-4.3054843
-4.2575274
-4.52457
-4.5210996
-4.544315
-4.595317
-4.279433
-4.429618
-4.433862
-4.4447546
-4.436951
-4.268619
-4.244256
-4.236788
-4.2477455
-4.2807016
-4.282332
-4.282719
-4.2795057
-4.2566595
-4.2512636
-4.2723823
-4.228305
-4.2389154
-4.2345777
-4.2268453
-4.2619677
-4.223586
-4.2259064
-4.2531796
-4.2846904
-4.266107
-4.313086
-4.3149095
-4.368407
-4.354877
-4.2555623
-4.205927
-4.2216086
-4.220203
-4.261894
-4.2622733
-4.266788
-4.274215
-4.22327
-4.3086247
-4.260371
-4.2721777
-4.2618403
-4.2530136
-4.235122
-4.259442
-4.2356653
-4.264025
-4.262983
-4.2584805
-4.267145
-4.2808185
-4.275559
-4.289983
-4.250864
-4.2926083
-4.233336
-4.2280593
-4.2712965
-4.2956424
-4.2501874
-4.2494354
-4.241221
-4.2354546
-4.3119745
-4.235862
-4.2634683
-4.3484116
-4.4178104
-4.378211
-4.3506727
-4.345928
-4.339922
-4.3604574
-4.413134
-4.390071
-4.366552
-4.365787
-4.369959
-4.407133
-4.4528537
-4.4601154
-4.4508653
-4.4386244
-4.4422693
-4.4399247
-4.408141
-4.501987
-4.508642
-4.5429993
-4.410175
-4.434564
-4.3960586
-4.380759
-4.528399
-4.4653835
-4.311896
-4.2963076
-4.17699
-4.417235
-4.449195
-4.463902
-4.4425497
-4.3982706
-4.4083652
-4.448263
-4.1586466
-4.1595464
-4.152537
-4.4216566
-4.3974633
-4.3590484
-4.3615193
-4.422451
-4.4030023
-4.3952703
-4.3553224
-4.3314204
-4.4061165
-4.3208246
-4.3401594
-4.3602533
-4.384678
-4.5160804
-4.446135
-4.4451356
-4.4548774
-4.4096565
-4.4340286
-4.4073887
-4.408101
-4.419207
-4.4405026
-4.4008627
-4.337936
-4.386162
-4.43134
-4.5073605
-4.3295956
-4.33784
-4.3325768
-4.3452806
-4.3770165
-4.3445573
-4.426059
-4.474713
-4.502255
-4.5088153
-4.381651
-4.4965005
-4.4728765
-4.509407
-4.4224095
-4.3815904
-4.320963
-4.3118544
-4.316712
-4.2873006
-4.3397617
-4.4517684
-4.45496
-4.495535
-4.4008727
-4.385371
-4.311163
-4.3141513
-4.297833
-4.2782407
-4.376656
-4.2820272
-4.2839394
-4.293208
-4.298066
-4.4628077
-4.2816286
-4.2822523
-4.299778
-4.303563
-4.3975043
-4.3181086
-4.309553
-4.296353
-4.301943
-4.425043
-4.4199905
-4.4666033
-4.469429
-4.2808566
-4.281315
-4.2795486
-4.315738
-4.5198593
-4.272691
-4.290938
-4.5249352
-4.432801
-4.4377284
-4.4656024
-4.4815993
-4.46343
-4.439485
-4.3922257
-4.465173
-4.349628
-4.328207
-4.313647
-4.298784
-4.4406943
-4.205779
-4.1784387
-4.222084
-4.3585887
-4.4483085
-4.5005264
-4.480114
-4.4539375
-4.4624734
-4.463567
-4.353896
-4.340063
-4.307574
-4.32701
-4.4966784
-4.3559666
-4.3735514
-4.3691564
-4.360915
-4.4338384
-4.412935
-4.420574
-4.42882
-4.4476814
-4.4604464
-4.269184
-4.24623
-4.307689
-4.548664
-4.3868756
-4.371878
-4.3611364
-4.350872
-4.479797
-4.337636
-4.335973
-4.3362923
-4.3493004
-4.5286193
-4.33633
-4.3228188
-4.3310404
-4.3007307
-4.4590797
-4.3520236
-4.3373427
-4.331923
-4.4437504
-4.5397863
-4.315444
-4.3170195
-4.3236456
-4.343778
-4.441827
-4.360348
-4.3227053
-4.329725
-4.290108
-4.449343
-4.3535924
-4.3528194
-4.3750005
-4.32947
-4.5153975
-4.3155637
-4.2987356
-4.3389616
-4.4841886
-4.4257574
-4.2857375
-4.293822
-4.3471103
-4.302678
-4.374328
-4.3472886
-4.3309574
-4.32098
-4.3317266
-4.4551764
-4.3949194
-4.442952
-4.461729
-4.439527
-4.4002476
-4.4420695
-4.4863596
-4.4577537
-4.421399
-4.3747606
-4.326808
-4.2883782
-4.3912697
-4.274226
-4.3161616
-4.3894243
-4.5318336
-4.390311
-4.295475
-4.354969
-4.486497
-4.4629583
-4.44158
-4.4290366
-4.329515
-4.361678
-4.3795586
-4.4668818
-4.5087023
-4.374628
-4.402421
-4.3655334
-4.3673434
-4.410965
-4.367333
-4.3429384
-4.34179
-4.3157344
-4.295366
-4.378874
-4.354097
-4.34605
-4.3470626
-4.3450394
-4.365769
-4.4050207
-4.4184036
-4.4023385
-4.4108334
-4.3834143
-4.337881
-4.3224688
-4.481942
-4.551224
-4.428148
-4.573804
-4.5158963
-4.5087247
-4.43801
-4.366652
-4.3170896
-4.352944
-4.4974775
-4.518736
-4.4051228
-4.4968276
-4.3353715
-4.2819786
-4.27853
-4.3560224
-4.358643
-4.4316487
-4.5435696
-4.368349
-4.419391
-4.413704
-4.357553
-4.3934164
-4.345553
-4.4302535
-4.600049
-4.34856
-4.5738726
-4.466834
-4.3563466
-4.3580117
-4.4009514
-4.3751907
-4.3821244
-4.39857
-4.357302
-4.453912
-4.495522
-4.5554547
-4.4082723
-4.5149612
-4.511469
-4.501146
-4.5440755
-4.383203
-4.363682
-4.309884
-4.2959633
-4.3323383
-4.323527
-4.3308554
-4.342863
-4.343837
-4.32358
-4.3327694
-4.3302207
-4.323843
-4.3745303
-4.387501
-4.3534503
-4.382806
-4.382979
-4.3826647
-4.384711
-4.3377237
-4.380758
-4.3532968
-4.3067427
-4.3170333
-4.3482313
-4.3854456
-4.3470187
-4.3531046
-4.365196
-4.372989
-4.4168277
-4.368864
-4.471472
-4.449215
-4.523793
-4.547143
-4.350982
-4.3491397
-4.3613224
-4.363586
-4.358274
-4.341894
-4.4204597
-4.403475
-4.414005
-4.427695
-4.3160195
-4.2927213
-4.2802324
-4.2875476
-4.3081594
-4.3186955
-4.297976
-4.2723637
-4.325897
-4.320604
-4.5610304
-4.5464735
-4.3305807
-4.367929
-4.353762
-4.4007163
-4.401726
-4.33921
-4.392804
-4.379032
-4.3892593
-4.3625555
-4.342894
-4.4465685
-4.442043
-4.389026
-4.3562455
-4.32783
-4.324497
-4.2919817
-4.3187275
-4.3766513
-4.376589
-4.5586753
-4.4906344
-4.4575133
-4.458964
-4.285999
-4.304467
-4.2756243
-4.284832
-4.334231
-4.322294
-4.344041
-4.3355107
-4.2857385
-4.286902
-4.3277054
-4.364486
-4.3682413
-4.316317
-4.390331
-4.4193974
-4.4209533
-4.3402896
-4.3668313
-4.3430233
-4.2837
-4.3575892
-4.320417
-4.4356036
-4.451111
-4.4241724
-4.4297824
-4.3763533
-4.411436
-4.3989096
-4.3976617
-4.3843417
-4.3484063
-4.5888934
-4.6044855
-4.655148
-4.556347
-4.3912053
-4.4655104
-4.470664
-4.4613132
-4.453261
-4.4011135
-4.4369593
-4.4177775
-4.3590603
-4.341929
-4.366572
-4.307308
-4.283086
-4.2846546
-4.2716904
-4.348944
-4.3179517
-4.315887
-4.369765
-4.3901834
-4.311173
-4.3528123
-4.3713903
-4.394078
-4.3063116
-4.5394564
-4.5142393
-4.485212
-4.4418507
-4.316042
-4.3982606
-4.3849444
-4.37276
-4.385526
-4.3210425
-4.3431726
-4.3137903
-4.3782244
-4.3601127
-4.4387703
-4.3237553
-4.419083
-4.454165
-4.4844055
-4.4862204
-4.4173336
-4.32959
-4.383941
-4.3844013
-4.402472
-4.3151293
-4.4437556
-4.405212
-4.362178
-4.3813057
-4.302987
-4.4229345
-4.4344683
-4.4317865
-4.4495873
-4.3083134
-4.358446
-4.283234
-4.256367
-4.214138
-4.3321233
-4.4343767
-4.4286737
-4.3742027
-4.3339005
-4.35622
-4.399643
-4.3849177
-4.385384
-4.374069
-4.3894796
-4.2982078
-4.311636
-4.412275
-4.3618326
-4.3426023
-4.349281
-4.297138
-4.449426
-4.4553795
-4.450423
-4.577091
-4.618922
-4.450032
-4.3280034
-4.3392696
-4.325319
-4.3284388
-4.4458513
-4.3485036
-4.3511086
-4.3573174
-4.3541193
-4.442911
-4.454431
-4.448999
-4.4681053
-4.4692698
-4.3803616
-4.3460436
-4.3073716
-4.2780495
-4.2659607
-4.410001
-4.3587604
-4.3636675
-4.3633027
-4.3628435
-4.414371
-4.3228154
-4.3061185
-4.4383554
-4.4791584
-4.5206623
-4.492526
-4.475173
-4.3544936
-4.3521485
-4.31684
-4.3243537
-4.327805
-4.348212
-4.317377
-4.351119
-4.3588653
-4.382839
-4.4245396
-4.4377823
-4.4789085
-4.4712296
-4.3683996
-4.459219
-4.4574256
-4.4333386
-4.422046
-4.376386
-4.530576
-4.5303593
-4.46632
-4.4471245
-4.293772
-4.417932
-4.4017797
-4.456783
-4.294032
-4.254945
-4.2712355
-4.296395
-4.321606
-4.321621
-4.51273
-4.334034
-4.3080325
-4.3064394
-4.2763534
-4.237781
-4.318095
-4.4848547
-4.48169
-4.4181833
-4.357764
-4.3313394
-4.3646083
-4.3454866
-4.3481264
-4.3192797
-4.3180385
-4.2949677
-4.3045897
-4.2392955
-4.257424
-4.2589726
-4.2670937
-4.3338842
-4.258722
-4.260809
-4.2674503
-4.288172
-4.3250756
-4.272576
-4.2777452
-4.285591
-4.300983
-4.333232
-4.3154497
-4.305948
-4.273697
-4.2727766
-4.3258195
-4.2743487
-4.260671
-4.2289863
-4.247831
-4.330122
-4.2402444
-4.228954
-4.466368
-4.5513353
-4.42348
-4.3586364
-4.2728896
-4.4017057
-4.6088595
-4.626283
-4.583265
-4.524508
-4.425015
-4.369045
-4.3353357
-4.3408756
-4.327749
-4.464215
-4.3005757
-4.3230333
-4.363957
-4.357234
-4.4559016
-4.217183
-4.2392015
-4.296562
-4.30993
-4.479944
-4.334874
-4.1798844
-4.1440735
-4.166065
-4.4077587
-4.2127566
-4.1896853
-4.197439
-4.22665
-4.3800645
-4.463067
-4.461676
-4.4666224
-4.4892845
-4.4248924
-4.201506
-4.2229996
-4.2259855
-4.2854953
-4.415598
-4.1851892
-4.183736
-4.2710543
-4.345754
-4.4079227
-4.2728724
-4.2834206
-4.32054
-4.371148
-4.39572
-4.279161
-4.2605047
-4.1782756
-4.157727
-4.435706
-4.4041643
-4.321271
-4.298594
-4.3002477
-4.4577007
-4.4087377
-4.420919
-4.481205
-4.50842
-4.5086656
-4.2704115
-4.2603617
-4.2630606
-4.2779274
-4.501454
-4.237602
-4.2458673
-4.2411003
-4.256224
-4.463829
-4.2690926
-4.2886133
-4.324204
-4.4287825
-4.41594
-4.318491
-4.3286533
-4.3181376
-4.316386
-4.4227033
-4.3211865
-4.376486
-4.3951907
-4.3830175
-4.3929386
-4.170606
-4.1836495
-4.2299614
-4.294082
-4.4065933
-4.4257064
-4.5336323
-4.5493
-4.3958755
-4.2415667
-4.210307
-4.198956
-4.19561
-4.4131107
-4.520072
-4.56382
-4.4015036
-4.392414
-4.3548894
-4.412028
-4.4038863
-4.416502
-4.3843613
-4.4214673
-4.331173
-4.450195
-4.2194977
-4.189123
-4.191111
-4.1693764
-4.46723
-4.2287726
-4.2287726
-4.2665443
-4.270124
-4.4342012
-4.3180017
-4.2341824
-4.205785
-4.198299
-4.4412756
-4.40929
-4.474737
-4.5184493
-4.5521464
-4.4239893
-4.2349916
-4.250225
-4.291289
-4.255001
-4.403098
-4.2161884
-4.245349
-4.261885
-4.318309
-4.383129
-4.222836
-4.23479
-4.242562
-4.2308345
-4.3588057
-4.252455
-4.2515364
-4.2128525
-4.1978135
-4.367005
-4.5922055
-4.5873528
-4.651514
-4.637681
-4.327352
-4.416835
-4.49418
-4.4973574
-4.3065815
-4.227228
-4.2273035
-4.2077193
-4.197134
-4.2865624
-4.26031
-4.231616
-4.250604
-4.242938
-4.2821636
-4.227561
-4.2358956
-4.2710633
-4.3355412
-4.249599
-4.216109
-4.229164
-4.226813
-4.2226048
-4.2553873
-4.210697
-4.2166786
-4.2283773
-4.263046
-4.3974547
-4.2929125
-4.297687
-4.2842903
-4.2911463
-4.3652296
-4.2725735
-4.4581604
-4.4436
-4.420538
-4.4592857
-4.2685633
-4.260888
-4.222725
-4.217614
-4.237409
-4.2639894
-4.2621274
-4.2635655
-4.2388926
-4.2263374
-4.294675
-4.2483563
-4.2357264
-4.224479
-4.220739
-4.270947
-4.261587
-4.274003
-4.256033
-4.2348304
-4.291186
-4.4127865
-4.4020205
-4.365739
-4.263361
-4.259187
-4.282379
-4.289862
-4.3008456
-4.2934313
-4.288824
-4.2858157
-4.2991858
-4.3064938
-4.3096185
-4.2865314
-4.357856
-4.275
-4.2299385
-4.218136
-4.2865686
-4.206382
-4.210197
-4.2080507
-4.2207394
-4.277319
-4.429143
-4.417708
-4.359318
-4.342084
-4.295496
-4.40605
-4.2872972
-4.255271
-4.2712655
-4.289305
-4.383355
-4.386784
-4.347439
-4.4033566
-4.272201
-4.218945
-4.204036
-4.2076683
-4.2329855
-4.280828
-4.366461
-4.3987446
-4.4479284
-4.4620366
-4.2989316
-4.188465
-4.193661
-4.2010736
-4.187875
-4.2768836
-4.2011876
-4.192379
-4.1926394
-4.213474
-4.2790155
-4.3697968
-4.367022
-4.3656483
-4.371035
-4.276916
-4.2145996
-4.2247066
-4.230091
-4.203285
-4.324588
-4.306689
-4.24735
-4.228433
-4.2416215
-4.3420734
-4.362406
-4.323189
-4.293329
-4.192176
-4.398844
-4.257863
-4.3756905
-4.3853436
-4.3958907
-4.3451567
-4.360464
-4.2970047
-4.2898464
-4.3351564
-4.2938437
-4.2159038
-4.368482
-4.4111433
-4.4016047
-4.2498064
-4.1591682
-4.162996
-4.184323
-4.238587
-4.2372227
-4.235863
-4.222822
-4.2201147
-4.251551
-4.1937504
-4.2033725
-4.197652
-4.202085
-4.2674847
-4.166357
-4.163968
-4.171973
-4.160628
-4.3035884
-4.19762
-4.207406
-4.2068686
-4.1996627
-4.2711487
-4.1951127
-4.202346
-4.197107
-4.1962466
-4.288048
-4.190882
-4.174808
-4.186213
-4.1954136
-4.3163996
-4.175687
-4.1835976
-4.185758
-4.2147284
-4.302724
-4.2124043
-4.2282996
-4.258644
-4.2771583
-4.303035
-4.2837873
-4.2917295
-4.295975
-4.2932596
-4.3236947
-4.2322717
-4.2496014
-4.295131
-4.2984543
-4.382067
-4.257078
-4.204787
-4.2077374
-4.1990414
-4.3328133
-4.259976
-4.2215633
-4.204511
-4.2326427
-4.395783
-4.331926
-4.339443
-4.342187
-4.3417244
-4.405885
-4.198019
-4.1860557
-4.2084203
-4.341719
-4.4155087
-4.280195
-4.276737
-4.2653008
-4.273256
-4.4145474
-4.431879
-4.240238
-4.288375
-4.2869105
-4.303447
-4.308043
-4.253493
-4.2886147
-4.2999525
-4.2933784
-4.2738485
-4.259803
-4.2842407
-4.262294
-4.2797685
-4.270135
-4.265842
-4.264868
-4.2701745
-4.2661014
-4.2812138
-4.3264008
-4.2687483
-4.3341775
-4.330021
-4.2576537
-4.252926
-4.2780414
-4.2961316
-4.3072395
-4.295086
-4.2884417
-4.2877383
-4.2624526
-4.3401423
-4.3826127
-4.403616
-4.2630353
-4.234487
-4.2260046
-4.2291217
-4.215448
-4.280447
-4.278506
-4.2856627
-4.313356
-4.3351526
-4.2578983
-4.205099
-4.20788
-4.2128124
-4.2118554
-4.279456
-4.2183375
-4.2588964
-4.265385
-4.3589435
-4.2967434
-4.318351
-4.344122
-4.3203044
-4.2825923
-4.3250384
-4.316647
-4.3562803
-4.3614206
-4.296214
-4.2838616
-4.296804
-4.248978
-4.2530227
-4.2966547
-4.3193984
-4.277583
-4.2566123
-4.2477026
-4.2549524
-4.2960854
-4.3367734
-4.3784757
-4.3585196
-4.318851
-4.310995
-4.3627596
-4.383451
-4.3397264
-4.3267517
-4.2883906
-4.218182
-4.2414455
-4.254993
-4.261109
-4.3342485
-4.315853
-4.279093
-4.234063
-4.2266574
-4.345924
-4.2488713
-4.24388
-4.224011
-4.2132134
-4.304121
-4.202618
-4.211306
-4.215993
-4.2310567
-4.3239613
-4.503865
-4.533167
-4.5084414
-4.45263
-4.2824163
-4.2796335
-4.2651534
-4.277744
-4.25399
-4.2940707
-4.212692
-4.2279806
-4.2972565
-4.3006454
-4.3189487
-4.3704367
-4.343999
-4.2923217
-4.4056253
-4.4019423
-4.315511
-4.339111
-4.354823
-4.512794
-4.5201755
-4.549715
-4.361442
-4.2401724
-4.3189487
-4.2989454
-4.2823133
-4.293582
-4.271442
-4.2904134
-4.3028507
-4.275669
-4.2752094
-4.213279
-4.219582
-4.2342463
-4.232101
-4.255821
-4.268347
-4.3169737
-4.3609657
-4.379855
-4.2893934
-4.506891
-4.5561304
-4.5133896
-4.2806625
-4.3516726
-4.3578935
-4.3678427
-4.3903
-4.280339
-4.242932
-4.227621
-4.227026
-4.2551537
-4.2844934
-4.3697567
-4.357873
-4.3195624
-4.2976527
-4.27502
-4.2233543
-4.225232
-4.2378516
-4.252201
-4.2946568
-4.229862
-4.212112
-4.184326
-4.1702795
-4.2796288
-4.234613
-4.265689
-4.3083224
-4.3580556
-4.349643
-4.487824
-4.4371696
-4.371254
-4.3609776
-4.315156
-4.2073956
-4.2119603
-4.211825
-4.221394
-4.3753166
-4.3938074
-4.4110937
-4.4326396
-4.2814837
-4.346211
-4.3525853
-4.3553963
-4.3556156
-4.278387
-4.2958927
-4.343866
-4.3938026
-4.2658186
-4.3716965
-4.3939266
-4.39836
-4.4615607
-4.316604
-4.3390846
-4.347835
-4.3998213
-4.408948
-4.3533015
-4.4116883
-4.370956
-4.4180183
-4.4959536
-4.3049636
-4.4050756
-4.348242
-4.3436866
-4.333256
-4.3140173
-4.3962736
-4.336057
-4.3562098
-4.40445
-4.3643227
-4.34288
-4.2978783
-4.2801127
-4.2999916
-4.340857
-4.388052
-4.3388467
-4.3250513
-4.3569074
-4.3655057
-4.324316
-4.3048787
-4.285227
-4.312375
-4.297573
-4.386906
-4.29809
-4.3514276
-4.34249
-4.291482
-4.3290033
-4.318224
-4.333327
-4.361261
-4.2714677
-4.3694797
-4.382642
-4.280891
-4.2606826
-4.2446327
-4.2270055
-4.2148466
-4.284009
-4.247726
-4.2830167
-4.3076115
-4.374393
-4.2999964
-4.3866253
-4.2906895
-4.450073
-4.460384
-4.4026847
-4.293017
-4.3261695
-4.338969
-4.355855
-4.4015374
-4.296186
-4.3877244
-4.3030376
-4.412024
-4.296208
-4.3899155
-4.3794127
-4.3252378
-4.3320265
-4.28751
-4.265438
-4.235526
-4.275775
-4.238548
-4.175028
-4.282237
-4.206989
-4.38962
-4.4944186
-4.5047593
-4.2804985
-4.3427596
-4.35626
-4.381963
-4.402259
-4.268296
-4.2425294
-4.2715487
-4.312392
-4.329743
-4.2781315
-4.2320256
-4.2458897
-4.330866
-4.398746
-4.282428
-4.333872
-4.363871
-4.394068
-4.439288
-4.2900453
-4.2828426
-4.330872
-4.3651624
-4.41131
-4.293004
-4.2259607
-4.215813
-4.2241826
-4.2337165
-4.289639
-4.4328537
-4.354344
-4.2489786
-4.234257
-4.290617
-4.2894716
-4.2850156
-4.2725606
-4.2789116
-4.2652855
-4.268922
-4.2555823
-4.2667155
-4.2502437
-4.265463
-4.425814
-4.420502
-4.426016
-4.474555
-4.262757
-4.4414015
-4.4320803
-4.411548
-4.4592037
-4.2689247
-4.2919803
-4.2999926
-4.3272834
-4.257269
-4.289218
-4.2981644
-4.2757306
-4.2020035
-4.246773
-4.2674046
-4.2768874
-4.2691603
-4.4106445
-4.3668513
-4.3265224
-4.2886057
-4.272573
-4.2718954
-4.3013096
-4.35691
-4.4334807
-4.2655144
-4.446033
-4.4776115
-4.5498
-4.254083
-4.2894273
-4.301953
-4.330672
-4.365849
-4.2541194
-4.5729275
-4.497608
-4.4530478
-4.4934144
-4.265475
-4.2795367
-4.263208
-4.285513
-4.2495255
-4.27161
-4.229114
-4.254891
-4.31966
-4.330723
-4.3313518
-4.349008
-4.252855
-4.233215
-4.278194
-4.3546066
-4.409581
-4.247951
-4.1745205
-4.1896324
-4.2021227
-4.2019897
-4.255572
-4.336936
-4.341365
-4.310907
-4.3572655
-4.245457
-4.3584595
-4.2771764
-4.266672
-4.2884965
-4.265158
-4.2472415
-4.3479896
-4.387469
-4.3880153
-4.254809
-4.418354
-4.423143
-4.440089
-4.434279
-4.263036
-4.277222
-4.287437
-4.2839656
-4.2855434
-4.266507
-4.3065653
-4.2733054
-4.53618
-4.5135393
-4.49332
-4.4257574
-4.2483172
-4.2447357
-4.225109
-4.232187
-4.2361445
-4.246496
-4.4527297
-4.514498
-4.5162196
-4.2430162
-4.2225285
-4.2098927
-4.2038956
-4.205308
-4.235539
-4.2219763
-4.2160983
-4.2635374
-4.269232
-4.2637296
-4.307141
-4.2629414
-4.278529
-4.2647862
-4.2724676
-4.2729983
-4.2979727
-4.3232183
-4.2277484
-4.326545
-4.338264
-4.3150697
-4.2652793
-4.25672
-4.2090497
-4.2136426
-4.238394
-4.277608
-4.267474
-4.2624717
-4.2895026
-4.326508
-4.332076
-4.267116
-4.381953
-4.429512
-4.3272943
-4.3765893
-4.4060287
-4.4823427
-4.5715466
-4.435825
-4.416842
-4.421305
-4.428929
-4.427953
-4.472296
-4.215258
-4.205987
-4.221354
-4.2111883
-4.4635663
-4.141354
-4.1695986
-4.429217
-4.19867
-4.1954813
-4.231356
-4.2891335
-4.4502783
-4.122556
-4.142007
-4.1583104
-4.1318536
-4.458049
-4.365733
-4.3796935
-4.4011145
-4.3978524
-4.531858
-4.140198
-4.134713
-4.4976635
-4.2394934
-4.2812552
-4.2758255
-4.2924895
-4.4676795
-4.30305
-4.304857
-4.3262253
-4.3214126
-4.4979877
-4.226796
-4.2022758
-4.2087436
-4.5515404
-4.4127345
-4.4138756
-4.3974547
-4.394014
-4.565246
-4.172465
-4.1752114
-4.192014
-4.216937
-4.6260514
-4.3618007
-4.3547606
-4.414884
-4.5079613
-4.6040335
-4.3040195
-4.318719
-4.3408384
-4.34591
-4.5830727
-4.413301
-4.3949466
-4.3977165
-4.450395
-4.540674
-4.3255677
-4.28371
-4.439447
-4.4729877
-4.504486
-4.313894
-4.256636
-4.253927
-4.2806287
-4.542013
-4.2539506
-4.243539
-4.271257
-4.2571573
-4.5369873
-4.2080064
-4.2282486
-4.2202024
-4.2164106
-4.494432
-4.264295
-4.26903
-4.281442
-4.258328
-4.501642
-4.234589
-4.255619
-4.258459
-4.2635612
-4.4859953
-4.2071285
-4.2275286
-4.3164325
-4.328366
-4.451206
-4.320466
-4.3172092
-4.3240676
-4.362253
-4.390183
-4.3026886
-4.299326
-4.323063
-4.3115892
-4.4263034
-4.249638
-4.253323
-4.345259
-4.389755
-4.423263
-4.2668486
-4.253985
-4.264693
-4.293178
-4.417876
-4.3200884
-4.3055468
-4.3917584
-4.473224
-4.3846536
-4.265429
-4.2829084
-4.479434
-4.5568385
-4.368961
-4.376624
-4.2611723
-4.391123
-4.1902447
-4.212539
-4.2190614
-4.2424393
-4.3637323
-4.312648
-4.3381124
-4.3179407
-4.3486433
-4.352886
-4.287592
-4.3533525
-4.3737116
-4.3876133
-4.4648137
-4.453043
-4.446542
-4.4516997
-4.3836365
-4.430153
-4.3308334
-4.340434
-4.3790455
-4.40677
-4.4648166
-4.3383436
-4.297911
-4.249383
-4.218593
-4.423871
-4.382752
-4.3885226
-4.386501
-4.390888
-4.359002
-4.270748
-4.284512
-4.295515
-4.289073
-4.392407
-4.2704544
-4.2683973
-4.3472834
-4.3841586
-4.3430495
-4.357395
-4.3305106
-4.281457
-4.3231044
-4.3380613
-4.334794
-4.325535
-4.3742146
-4.4116035
-4.3617105
-4.40368
-4.4456153
